730 #SUP: 2704
200 #SUP: 2709
2 #SUP: 2718
1752 #SUP: 2783
1792 #SUP: 2870
1516 #SUP: 2894
588 #SUP: 2907
892 #SUP: 2908
892 2375 #SUP: 2851
1958 #SUP: 2914
1350 #SUP: 2958
1354 #SUP: 2992
1668 #SUP: 3040
1295 #SUP: 3045
2204 #SUP: 3052
1909 2204 #SUP: 3052
1825 1909 2204 #SUP: 3052
181 1825 1909 2204 #SUP: 3052
181 1909 2204 #SUP: 3052
1825 2204 #SUP: 3052
181 1825 2204 #SUP: 3052
181 2204 #SUP: 3052
818 #SUP: 3063
1839 #SUP: 3108
1821 1839 #SUP: 3107
1821 #SUP: 3109
880 #SUP: 3126
759 #SUP: 3130
2353 #SUP: 3150
2277 2353 #SUP: 3150
461 2277 2353 #SUP: 3150
461 2353 #SUP: 3150
840 #SUP: 3160
2081 #SUP: 3171
196 #SUP: 3176
466 #SUP: 3178
8 #SUP: 3202
1591 #SUP: 3209
219 #SUP: 3211
1274 #SUP: 3238
1274 2339 #SUP: 3035
1981 #SUP: 3249
363 #SUP: 3252
97 #SUP: 3270
1482 #SUP: 3341
1916 #SUP: 3352
987 #SUP: 3358
613 #SUP: 3364
1909 #SUP: 3389
1825 1909 #SUP: 3052
181 1825 1909 #SUP: 3052
181 1909 #SUP: 3267
1665 #SUP: 3470
2094 #SUP: 3501
426 2094 #SUP: 2739
637 #SUP: 3516
1292 #SUP: 3534
490 #SUP: 3534
490 1605 #SUP: 3324
490 1235 #SUP: 3324
490 1235 1605 #SUP: 3324
432 #SUP: 3540
432 1223 #SUP: 3540
746 #SUP: 3604
1236 #SUP: 3608
1223 #SUP: 3621
1870 #SUP: 3644
1010 #SUP: 3655
1703 #SUP: 3733
1703 2231 #SUP: 3733
1165 1703 2231 #SUP: 3733
1165 1703 #SUP: 3733
76 #SUP: 3744
76 1534 #SUP: 2761
2225 #SUP: 3751
90 2225 #SUP: 3499
2020 #SUP: 3804
2236 #SUP: 3806
1582 2236 #SUP: 3806
1534 1582 2236 #SUP: 3806
1534 2236 #SUP: 3806
21 2236 #SUP: 3806
21 1582 2236 #SUP: 3806
21 1534 1582 2236 #SUP: 3806
21 1534 2236 #SUP: 3806
1189 #SUP: 3816
1189 2316 #SUP: 3816
123 #SUP: 3816
123 479 #SUP: 2714
123 426 479 #SUP: 2714
123 426 #SUP: 2714
123 1534 #SUP: 3165
1705 #SUP: 3825
834 #SUP: 3878
2018 #SUP: 3902
173 #SUP: 3921
195 #SUP: 3998
1156 #SUP: 4045
1156 1317 #SUP: 3056
1156 1317 1324 #SUP: 3056
1156 1324 #SUP: 3183
2078 #SUP: 4050
1480 #SUP: 4054
2167 #SUP: 4075
1131 2167 #SUP: 3974
673 #SUP: 4102
751 #SUP: 4129
751 2339 #SUP: 3347
231 #SUP: 4132
231 1943 #SUP: 3242
2299 #SUP: 4143
1646 2299 #SUP: 2940
407 #SUP: 4147
2277 #SUP: 4165
461 2277 #SUP: 3150
1135 #SUP: 4238
2270 #SUP: 4267
1840 #SUP: 4302
2016 #SUP: 4309
2168 #SUP: 4341
229 #SUP: 4461
229 574 #SUP: 4461
169 229 #SUP: 4461
169 229 574 #SUP: 4461
169 #SUP: 4551
169 574 #SUP: 4551
2291 #SUP: 4555
358 2291 #SUP: 2708
2356 #SUP: 4622
1079 2356 #SUP: 3698
539 #SUP: 4627
1317 #SUP: 4666
1317 1324 #SUP: 3360
2123 #SUP: 4673
111 #SUP: 4734
111 547 #SUP: 4309
2284 #SUP: 4763
547 2284 #SUP: 3026
630 #SUP: 4764
1646 #SUP: 4771
21 1646 #SUP: 2861
819 #SUP: 4797
445 #SUP: 4884
951 #SUP: 4932
951 1989 #SUP: 2851
951 1394 1989 #SUP: 2851
324 951 1989 #SUP: 2851
324 951 1394 1989 #SUP: 2851
324 951 #SUP: 2851
324 951 1394 #SUP: 2851
951 1394 #SUP: 3357
1079 #SUP: 4944
1245 #SUP: 4953
489 1245 #SUP: 2860
781 1245 #SUP: 4953
489 781 1245 #SUP: 2860
1191 #SUP: 4997
1100 #SUP: 5023
449 #SUP: 5046
664 #SUP: 5048
2150 #SUP: 5075
225 2150 #SUP: 4005
75 #SUP: 5100
910 #SUP: 5130
1193 #SUP: 5166
678 #SUP: 5185
1007 #SUP: 5253
2316 #SUP: 5465
1131 #SUP: 5567
2428 #SUP: 5635
1097 2428 #SUP: 2748
298 #SUP: 5871
116 #SUP: 5955
116 1534 #SUP: 3968
116 479 #SUP: 5951
116 479 1534 #SUP: 3968
116 426 479 #SUP: 5951
116 426 479 1534 #SUP: 3968
116 426 #SUP: 5951
116 426 1534 #SUP: 3968
2398 #SUP: 6032
2096 #SUP: 6107
2129 #SUP: 6115
304 #SUP: 6123
304 461 #SUP: 3155
2352 #SUP: 6137
530 #SUP: 6193
593 #SUP: 6207
209 593 #SUP: 2727
1995 #SUP: 6273
508 #SUP: 6351
225 508 #SUP: 5882
781 #SUP: 6418
489 781 #SUP: 2860
189 #SUP: 6478
945 #SUP: 6751
2407 #SUP: 6763
860 #SUP: 6777
426 860 #SUP: 4441
2400 #SUP: 6874
225 2400 #SUP: 3112
2232 #SUP: 6899
90 2232 #SUP: 2712
90 1943 2232 #SUP: 2712
90 1534 2232 #SUP: 2712
90 1534 1943 2232 #SUP: 2712
1603 2232 #SUP: 2852
1603 1943 2232 #SUP: 2852
1534 1603 2232 #SUP: 2852
1534 1603 1943 2232 #SUP: 2852
426 2232 #SUP: 3044
1943 2232 #SUP: 6022
1534 2232 #SUP: 6022
1534 1943 2232 #SUP: 6022
1235 #SUP: 6910
1235 1605 #SUP: 3324
983 #SUP: 6944
355 #SUP: 7051
2380 #SUP: 7141
2027 2380 #SUP: 2746
1264 2380 #SUP: 2836
1534 2380 #SUP: 3448
1097 2380 #SUP: 4984
1097 1534 2380 #SUP: 3448
308 #SUP: 7205
881 #SUP: 7216
574 #SUP: 7381
1617 #SUP: 7559
209 #SUP: 7587
1012 #SUP: 7793
754 1012 #SUP: 6892
1324 #SUP: 8000
396 #SUP: 8001
644 #SUP: 8045
1407 #SUP: 8185
1182 #SUP: 8205
1456 #SUP: 8234
762 #SUP: 8385
754 #SUP: 8447
720 754 #SUP: 2754
1046 #SUP: 9119
1825 #SUP: 9120
181 1825 #SUP: 3052
90 1825 #SUP: 3119
99 #SUP: 9146
99 1943 #SUP: 5596
99 1534 #SUP: 6436
99 1534 1943 #SUP: 5496
489 #SUP: 9180
1594 #SUP: 9326
1215 1594 #SUP: 3265
225 1594 #SUP: 3829
1594 2339 #SUP: 4388
1862 #SUP: 9402
2231 #SUP: 9512
1165 2231 #SUP: 4283
1603 #SUP: 9760
1603 1943 #SUP: 5399
1534 1603 #SUP: 5653
1534 1603 1943 #SUP: 4944
720 1603 #SUP: 5772
720 1603 1943 #SUP: 3704
720 1534 1603 #SUP: 3958
720 1534 1603 1943 #SUP: 3249
1264 #SUP: 9798
1097 1264 #SUP: 3577
2395 #SUP: 9880
2363 #SUP: 9975
1142 2363 #SUP: 9505
349 1142 2363 #SUP: 9505
349 2363 #SUP: 9505
1142 #SUP: 10425
349 1142 #SUP: 9505
2060 #SUP: 10831
720 2060 #SUP: 3018
181 #SUP: 10962
1165 #SUP: 11218
358 1165 #SUP: 2731
21 #SUP: 11401
21 1943 #SUP: 3507
21 1582 #SUP: 4857
21 1534 1582 #SUP: 4857
21 1534 #SUP: 6282
2202 #SUP: 11689
1943 2202 #SUP: 3252
349 #SUP: 11697
479 #SUP: 12014
479 1943 #SUP: 3440
479 1582 #SUP: 4543
479 1534 1582 #SUP: 4543
426 479 1582 #SUP: 4543
426 479 1534 1582 #SUP: 4543
479 1534 #SUP: 7816
479 1534 1943 #SUP: 3273
426 479 #SUP: 9752
426 479 1534 #SUP: 6598
1017 #SUP: 12125
1017 2183 #SUP: 3854
1721 #SUP: 12472
324 1721 #SUP: 2757
225 1721 #SUP: 3293
1680 1721 #SUP: 6413
225 1680 1721 #SUP: 3166
2399 #SUP: 12708
1943 2399 #SUP: 3043
708 #SUP: 12981
708 1084 #SUP: 3213
708 1097 #SUP: 5182
114 #SUP: 13146
114 1943 #SUP: 6391
114 1534 #SUP: 8189
114 1534 1943 #SUP: 5102
461 #SUP: 13280
1605 #SUP: 14142
1605 1943 #SUP: 2722
1605 1834 #SUP: 2908
2027 #SUP: 14333
1097 2027 #SUP: 4722
2183 #SUP: 14559
1097 2183 #SUP: 5816
1084 2183 #SUP: 7561
1084 1097 2183 #SUP: 4609
1126 2183 #SUP: 11093
1097 1126 2183 #SUP: 5816
1084 1126 2183 #SUP: 6396
1084 1097 1126 2183 #SUP: 4609
1582 #SUP: 15637
426 1582 #SUP: 4543
426 1534 1582 #SUP: 4543
1534 1582 #SUP: 14136
1126 #SUP: 16261
1126 2375 #SUP: 2717
1084 1126 #SUP: 6573
1084 1097 1126 #SUP: 4735
1097 1126 #SUP: 6850
1989 #SUP: 16998
324 1989 #SUP: 2851
324 1394 1989 #SUP: 2851
1394 1989 #SUP: 15134
1084 #SUP: 17037
1084 2375 #SUP: 2980
1084 1097 #SUP: 7592
1336 #SUP: 18525
358 1336 #SUP: 4732
720 1336 #SUP: 5802
225 720 1336 #SUP: 5802
225 1336 #SUP: 13793
90 #SUP: 18695
90 426 #SUP: 3696
90 1534 #SUP: 8153
90 1534 1943 #SUP: 7294
90 1943 #SUP: 9590
324 #SUP: 19316
324 1394 #SUP: 2851
2375 #SUP: 20813
1097 2375 #SUP: 5017
1394 #SUP: 20842
1215 #SUP: 21139
1215 1816 #SUP: 3630
1215 2339 #SUP: 4491
225 1215 2339 #SUP: 3289
225 1215 #SUP: 18970
426 #SUP: 21461
426 720 #SUP: 3052
426 1943 #SUP: 5197
426 1534 #SUP: 9860
426 1534 1943 #SUP: 5093
358 #SUP: 24403
358 1534 #SUP: 3084
547 #SUP: 25131
547 2339 #SUP: 6391
1680 #SUP: 29526
225 1680 #SUP: 5021
720 #SUP: 30066
720 1534 #SUP: 4460
720 1534 1943 #SUP: 3317
720 1943 #SUP: 4632
225 720 #SUP: 9532
2339 #SUP: 33748
1816 2339 #SUP: 3376
1534 2339 #SUP: 3801
1943 2339 #SUP: 4073
225 2339 #SUP: 7609
1834 #SUP: 35126
1834 1943 #SUP: 3807
225 1834 #SUP: 8334
1816 1834 #SUP: 20265
225 1816 1834 #SUP: 6959
1097 #SUP: 38714
1097 1534 #SUP: 5714
1816 #SUP: 42902
225 1816 #SUP: 8295
225 #SUP: 51911
1534 #SUP: 53351
1534 1943 #SUP: 29159
1943 #SUP: 54430
