SAM
Time vs size  m =10
n    Time
3    1279, 1446, 1170, 1115, 1177
4    1051, 716, 867, 970, 1022
5    2766, 2847, 2616, 2901, 3121
6    24055, 25075, 22700, 24289, 23579
7    489532, 488283, 496170, 480791, 486950
8    13177192, 13383129, 13113681, 13272131, 13314127

Time vs no of threads  n = 8
m    Time
5    17234913, 17228083, 17222649, 17264036, 17281230
10   13030493, 13456931, 13219573, 13245181, 13268039
15   13175545, 13132432, 13338410, 13047659, 13153025
20   11505131, 12184968, 11599595, 12170038, 12010526
25   11583049, 11939636, 11759652, 11818568, 11827363
30   11858649, 11668148, 12002538, 11936693, 12199804
35   11336394, 11458789, 11713691, 11757872, 11799796

DAM
Time vs size  m =10
n    Time
3    1011, 1531, 1346, 1093, 1425
4    3151, 2899, 3290, 3094, 2731
5    13921, 14123, 13812, 13571, 13790
6    116015, 116846, 115994, 117872, 118056
7    1033222, 1056440, 1034680, 1055273, 1044678
8    14908476, 14967422, 14913128, 14942791, 14863842

Time vs no of threads  n = 8
m    Time
5    17711227, 18107731, 17869503, 17853663, 17627854
10   14865321, 14955240, 14956551, 14973058, 15002892
15   14837237, 15161246, 14854579, 14813503, 14786888
20   14751485, 14765527, 14760925, 14772210, 14765015
25   14778006, 14762761, 14782977, 14807620, 14912982
30   14765267, 14775252, 14849948, 14825867, 14829625
35   14794437, 14778537, 14753146, 14822308, 14743713

Time vs no of threads  n = 8
m    Time
5